$ANSIBLE_VAULT;1.1;AES256
36343938373032643536363461303330656561366365613931383438643362633064616163656433
3164353935616261326239353731336233643331613635370a656561663331633335396165626332
37353564306437356664613231373237323338306136656139383935306136376163383934393035
3738316430653434360a646466623762346662613738396163643663393433646363313332373266
37666137393366356136663262653666356366666563353133313464633932346530623564336237
34323933333838623762373864613138313339613436353037316530623166643731346363643963
31633838663432343837613465303434663833666432353737626132636563323939656437393635
32653964343738616337396432303239373234663231643833343764333163343531633861633862
61373938323436376162656364666238623631663062313063616462323362396337316230393431
31636236313664376630626234333033393663613464376136653864626635633134343036316636
30313936393330396563363434393061313039316635346536383362653330306630623062646136
62386237383465353038336166633765373766363464633832373034626638636430643033623930
39393361346133303366303332663461616234666339616564643861323132613237633931336530
39653037636661663839396164313933653362353832666538613337646164666336336336356637
66626562363032346532383132613635633061626261623862636632346135613263353736343733
62333130313032353937616666313464633465396261393135356334623031633764633836343735
66343662383264316331383662633239313264336237653836653461393835663536643661323365
38626161613833316164343533623032626664653536383133363762636533303137613666386165
33666639316430646338303364653233313962656161366233333365313235313263393830626533
33666331373561656639656139626437303438643966623432386330643661353533323435656539
61363661343238306338613730623237653537333034396164646135386234643461323766633463
35346166376337343863376663313966643966613335363566316665393533646463656632316236
63333566336135323435383930626634623634306637343766343134386562353338633861396535
32373162386361393237393033633232353436316261613633666361613635666465353238393065
35626564326566386234373064626364313530396261363737653835373037353235396161303733
63386639303039613135613065616165306130366266306636663663353166353565323230356461
33633839643831373066643963363636663634353336613838306536663662653462626264336563
33613936633630316532356434386635356662643535303835336562326130636439346663616365
34616661383531306436366237646234636637363238313466306232633937333134303733663634
33663134366232616464363538376539623735646664613761363938636636663632383133343762
61366239653131383331653765356431666531383339376363363263643738303362623131623139
38323665613564616238383162383361396330636465653362393435323361613730326232303634
6165
